%"theta1:"    "1.1901"    "theta2:"    "0.38074"

theta = [1.1901; 0.38074];
gamma = 4;
beta = 0.5;
omega = 3.*pi;
alpha = 2;